100
0 0 0 1 0 0 0 0 1 1
8
0 1 0 1 0 1 1 1 1 0
809294
0 0 0 0 0 1 1 0 0 0
6565
0 0 0 1 0 0 0 1 0 1
569646
0 0 0 0 1 0 0 0 0 1
444
0 0 0 0 0 0 1 0 0 0
156816
0 0 1 0 0 1 0 0 0 0
225
0 0 0 0 1 0 1 0 0 0
42504
0 0 0 0 0 1 0 0 0 0
15125
1 1 0 0 1 0 0 0 0 0
114440
0 1 0 1 1 1 0 1 1 0
357151
1 0 0 0 1 0 0 0 0 0
4044
1 1 0 0 0 0 1 1 0 0
7
0 0 0 0 0 0 1 0 0 0
26136
1 1 0 0 0 1 0 0 0 0
515555
1 1 1 0 0 1 1 0 1 0
666012
0 0 0 0 0 1 0 0 0 0
763125
0 1 1 0 0 0 0 0 0 0
121
0 0 0 0 1 0 0 0 0 0
704
0 0 1 1 1 0 0 0 0 0
297003
0 1 0 0 0 1 0 0 0 0
5551
1 0 1 1 0 1 0 0 0 1
335302
1 1 1 1 1 1 1 1 0 1
194
0 1 0 0 0 0 0 0 0 0
13431
0 0 0 0 0 0 0 0 0 1
98901
0 0 0 0 0 0 1 0 0 0
36
1 0 0 0 0 1 0 1 0 0
507555
0 0 0 1 0 0 0 0 1 0
88838
0 0 0 1 0 1 0 0 0 0
1815
1 0 1 1 0 1 0 1 1 0
683195
1 0 0 1 0 0 0 0 0 0
10890
1 1 0 0 1 0 0 1 1 0
77010
0 0 0 1 0 1 0 1 1 1
95
1 0 1 1 1 0 1 1 1 1
973988
0 0 1 0 0 0 0 0 0 0
170368
0 0 0 0 1 0 0 0 0 0
11264
0 0 0 0 0 0 1 0 1 1
9
0 1 0 1 0 0 0 0 1 0
543
1 0 0 0 1 1 1 0 0 0
6505
0 0 1 0 0 0 1 0 0 0
156
0 0 1 0 1 0 0 0 0 0
2444
1 1 0 1 0 1 0 0 1 0
1000000
0 0 1 0 0 0 1 1 1 1
667928
0 0 1 0 0 0 1 0 1 1
586390
0 0 0 0 0 1 0 0 0 0
831875
1 0 0 0 0 0 1 0 1 0
86680
1 0 0 1 0 0 1 0 0 0
3
0 1 1 1 1 1 0 1 1 0
78232
1 0 0 0 1 0 0 1 0 0
4
1 0 1 0 1 0 0 0 1 0
284448
0 0 0 0 0 1 0 1 0 0
575555
0 0 0 1 0 1 0 0 0 0
117315
0 0 1 0 0 0 1 1 0 1
677797
1 1 1 0 0 0 0 0 0 0
110
1 0 0 1 0 0 1 1 0 0
33000
1 1 1 1 1 1 0 1 1 0
331244
1 0 0 0 0 0 1 1 0 0
660676
1 0 1 1 0 1 0 0 0 0
23550
1 1 1 0 1 0 1 0 0 1
941224
1 0 0 0 0 0 0 1 0 0
70077
0 1 1 0 0 1 0 1 0 0
5
1 1 1 1 1 1 1 1 0 1
128978
0 1 0 0 1 1 0 0 1 0
1
1 0 0 1 1 0 1 0 0 0
40364
1 0 0 0 1 0 0 0 0 1
49040
0 0 0 1 1 0 1 0 1 1
34364
0 0 0 0 1 0 0 0 0 0
284416
0 0 0 0 1 1 1 1 1 0
289343
0 1 1 0 1 0 1 0 0 0
6
0 0 1 0 1 1 1 0 1 0
285622
0 0 0 0 0 0 0 1 1 0
77778
0 0 1 1 1 1 0 1 0 1
75227
1 0 0 1 1 0 1 0 0 0
6
0 0 0 0 0 0 0 1 0 0
598829
0 1 0 0 0 0 0 1 0 0
777
0 0 0 1 0 0 0 0 1 1
993333
0 1 1 1 0 0 0 0 0 0
13322
0 0 1 1 0 0 1 0 0 0
36363
0 0 0 0 0 1 0 0 0 0
138875
0 0 0 0 0 0 1 0 0 0
156816
1 0 1 0 0 0 0 1 0 1
50890
0 0 0 0 0 0 0 0 1 0
568832
0 1 0 1 0 1 0 0 0 0
45
0 1 1 1 0 1 1 0 1 1
518256
0 0 0 0 0 0 0 0 1 0
7104
1 0 0 0 1 0 1 1 1 1
96842
0 0 0 0 0 0 0 0 1 0
788544
1 0 1 1 0 1 1 0 0 0
921821
0 0 0 0 0 0 0 0 1 0
704
0 0 1 1 0 1 0 1 0 1
694718
1 0 0 0 0 0 1 1 1 1
969669
0 0 1 0 0 0 1 1 0 0
2
0 0 0 0 0 0 0 0 1 0
782144
0 0 1 1 1 0 1 0 1 1
494896
0 0 1 1 0 1 1 0 0 0
22226
0 1 0 0 1 0 0 1 0 1
477119
0 1 0 1 0 0 1 0 0 0
61313
0 0 0 0 1 1 1 0 0 0
5545
1 0 0 1 1 1 0 1 1 1
57948
0 0 0 0 0 0 0 1 0 0
5439
