100
1 0 1 0 0 0 0 1 0 0
2
1 0 0 0 0 0 1 1 0 0
67
0 0 1 0 0 0 0 0 0 0
88
0 1 1 0 1 1 0 1 1 1
59
1 0 0 0 0 1 0 1 1 0
5
0 0 0 1 1 0 0 0 1 0
8
0 0 0 0 0 1 0 0 0 0
55
0 0 0 0 0 1 0 0 0 0
55
0 0 0 1 0 0 0 0 0 1
9
0 0 1 0 0 0 0 1 0 0
22
0 1 0 1 1 0 1 0 0 0
7
1 0 0 1 0 1 0 0 0 1
3
0 1 0 0 1 0 0 1 0 1
4
0 0 0 0 0 1 1 0 0 0
6
1 0 1 1 1 0 1 1 0 1
41
1 0 1 1 0 1 0 0 0 1
41
1 1 0 0 0 1 0 1 0 0
51
1 1 0 1 0 0 0 0 0 0
31
0 1 0 0 0 0 0 0 0 0
11
1 1 1 0 1 1 1 1 1 1
59
1 0 0 0 0 1 1 0 0 0
81
0 0 1 1 0 1 1 1 0 0
33
1 0 0 0 0 1 0 0 0 0
25
1 0 1 0 1 1 0 0 0 0
44
1 0 0 0 0 1 1 1 0 0
68
0 0 0 0 0 0 0 0 1 0
8
1 0 0 1 0 1 1 0 0 0
56
1 0 0 1 0 0 0 0 0 0
99
0 0 0 0 1 0 0 0 1 0
64
0 0 0 0 0 0 0 1 0 1
7
0 1 0 1 0 1 0 0 0 0
45
0 0 0 0 1 0 0 0 0 0
44
0 0 0 0 0 0 0 0 1 0
88
0 1 1 0 1 1 0 0 1 0
51
0 0 0 0 0 1 0 0 0 0
5
0 0 0 0 0 0 0 0 0 1
81
1 1 0 0 0 0 1 1 0 0
67
1 0 1 1 1 0 0 1 0 0
53
0 1 0 1 1 0 0 1 0 1
47
0 0 0 0 0 0 1 0 0 0
36
1 0 0 0 1 0 0 1 0 0
7
1 1 0 0 1 0 0 1 0 0
100
1 1 0 1 1 1 0 1 0 1
7
0 1 0 1 1 1 0 0 1 0
53
1 0 0 0 0 1 0 1 0 0
50
1 0 1 1 1 0 1 0 1 0
28
0 1 1 0 0 0 0 0 0 0
22
1 0 0 0 0 0 0 0 1 0
64
1 1 1 0 1 1 0 1 0 1
57
0 1 0 0 0 0 1 0 0 0
36
0 0 1 1 1 0 0 0 0 0
22
0 0 0 0 0 1 1 1 1 1
76
1 0 0 0 0 0 1 0 1 0
60
0 0 0 0 0 0 0 1 0 0
49
1 1 0 1 1 1 0 0 1 0
80
0 0 1 0 1 0 0 0 0 0
58
1 0 1 0 0 0 1 0 0 0
22
0 0 1 0 0 0 0 0 0 0
44
1 0 1 0 0 0 1 1 0 0
20
0 1 0 1 1 0 0 1 0 0
34
0 0 1 1 0 0 0 0 0 0
32
1 0 0 0 0 0 0 0 0 1
99
0 0 0 0 0 0 0 1 0 0
7
1 0 0 1 0 1 0 0 0 0
5
0 0 0 1 0 0 0 0 1 0
24
0 0 1 0 0 1 0 1 0 0
57
0 0 0 1 1 1 0 1 1 1
81
0 0 1 0 0 1 1 0 1 0
26
0 0 0 1 0 0 1 1 0 1
67
0 0 0 0 1 1 0 0 1 0
84
1 1 1 1 0 1 1 1 1 0
52
0 0 1 0 0 0 0 0 0 0
88
1 1 0 1 0 0 0 0 0 1
99
0 1 0 1 0 0 1 0 0 0
6
0 1 1 0 0 0 1 1 1 1
26
0 1 0 1 1 0 0 0 0 0
7
0 0 0 0 0 1 1 0 0 0
56
0 0 0 1 0 1 0 0 1 1
9
1 0 1 1 1 1 1 1 0 1
8
1 1 1 0 1 0 0 1 0 1
90
0 0 0 0 0 0 1 1 0 1
9
1 1 1 1 1 0 1 1 1 1
50
0 0 1 0 0 0 0 0 0 0
88
0 1 0 0 0 0 0 0 0 0
11
1 0 0 1 1 1 0 0 1 0
33
1 0 0 0 1 0 1 0 0 0
44
0 0 0 0 1 0 0 0 0 0
44
1 0 0 0 0 0 1 0 1 1
37
0 0 0 0 0 0 1 0 1 0
6
0 1 1 0 0 1 0 1 0 0
25
0 0 1 1 0 1 0 1 1 0
8
1 1 0 0 0 0 0 0 0 0
100
0 0 1 0 0 0 0 0 0 0
88
0 0 0 0 1 0 0 1 0 1
99
0 0 0 1 0 0 0 0 0 0
33
0 0 0 0 1 1 1 0 0 0
54
1 1 0 0 0 0 0 0 0 0
100
0 0 0 0 0 0 1 0 0 0
36
0 0 0 0 0 0 0 0 0 1
81
0 1 0 1 0 0 0 0 0 1
1
