1089801
5438584
202220
2918561
517869
8445518
7882343
3222461
4320375
545974
8634875
9163496
6233259
5826401
5885026
51688
4986549
8743786
3209129
6949469
4828430
5972192
8087940
7619411
5784668
8598077
6514889
9875811
7596901
744446
1343122
205059
101913
6574544
6970370
9054674
1306856
5506932
7652285
6090464
5843162
9458615
6406279
8562309
901981
50916
6796860
7982344
616001
2510446
255139
300402
7072693
9859284
8724702
9803256
3232703
4291356
5029512
7921816
2464956
5452459
790035
2889727
2070374
6301579
3670410
275583
5050142
6109214
3315127
3609668
4339375
8970223
9540101
4553344
1711987
7048884
3878749
4988333
9804357
75471
128119
854357
2575587
2232468
6842529
5437664
7578294
6728984
991430
4784294
8239243
4950194
1393873
9737656
1144708
2551242
1193399
3277381
9708237
2581286
8357327
4430560
4157342
5900101
8129984
4942505
4611005
8897165
4165294
5911505
1188869
4337296
1978110
9848411
457400
2706366
3107804
1364945
2413537
7233419
3698469
2019836
3886267
3307645
780779
1752166
8565840
9031014
2739557
456059
2219146
9397714
9423589
8643570
8221825
5531811
3032819
4586506
8800433
1061813
293429
4343364
8867767
2860266
3149658
6380852
2846912
1115311
6322388
8339954
5584131
6052977
348968
5739976
2003392
3410403
3801749
4262806
727800
9423751
3926186
4459277
5271036
8802930
5407375
740944
5759846
1028636
587599
1737047
1720819
8456114
887301
5779493
5589122
2092524
1759601
9047471
928213
4765495
1239693
5853794
460129
2710101
7149751
148747
5034930
2369232
3827466
1940008
4132443
2940365
7500228
7696118
8193936
9392045
957627
9414133
6594717
5302669
3864814
1391492
4556030
2109560
2523047
4390320
9500306
2747343
4206807
9832707
5344930
7432162
2518869
634392
5533052
5157165
1723373
3265721
5181064
8135926
4293864
9850123
6737584
5917828
6024874
7976322
4450906
8432076
9191055
5746309
2845783
2394471
6982988
6182498
2921240
3094074
5471342
6098096
4907335
974276
1222551
5556949
9422254
6406165
1803065
305363
8241059
2954386
2335999
2731288
897691
2294454
2843824
4555503
5302545
2339567
6900422
6480223
7982141
1712712
3499901
78616
6180733
1506157
5244151
5097032
4159926
2200536
6523989
3381821
7651944
449746
3362698
1089991
1720819
3101070
4541289
6298699
2800374
9550656
7793180
8635842
2586929
9895523
4585480
8133469
2646757
4872807
2609484
6680122
9367961
7511597
6675365
7187829
7244472
4911120
7255916
2631410
8044126
477135
3420633
3846864
9992066
1849809
5963216
4785498
9704246
8369332
3474072
6934441
995742
5745452
4542080
1290998
5841448
3489312
891160
5518462
4487139
4229931
4135845
665032
2291599
4918567
3693031
32090
9228324
5470161
7563370
8256746
9463839
974944
1986691
1265638
9977933
139151
872843
9758507
2696213
1393134
8322937
1477541
4851917
5661451
3990581
2917592
9523675
1609543
1279604
2343534
9451194
3044937
2647811
3456132
406691
5384417
4147162
346794
2062294
1217818
3066761
270314
7360304
6294332
7902220
5771882
2738945
5309739
2668784
7741298
2223265
1472504
292074
4392154
7658397
7433223
8697580
6002520
9576590
4994842
9539286
9361567
5778960
4933391
7783983
6181959
3159785
2546938
2425731
395875
8480117
1840368
4401708
4038529
3328418
5505455
1233333
8916628
1041983
3009991
9131983
4904728
3257072
5243786
4530964
2305464
38154
6161351
5573753
647903
4004140
7546647
465610
8196494
3909523
1953046
3111254
8353061
8802779
3996475
8270941
9870159
366247
4979384
3996488
7316442
9655328
2765799
3444957
9717251
3013480
7896182
1862666
1895119
7263729
4578930
8139158
9807302
6235062
6229187
4496182
3975732
5719737
578805
5275089
163133
3874256
9659749
4591937
1489740
6154623
6051231
9889457
2442875
5354461
8521541
2497065
8912576
4756399
9109862
2891374
4485969
6979540
6625459
4524927
5188274
3331649
5690037
8614651
3742209
13833
6939108
8990625
1197025
4906155
2782899
6616503
2755479
9875717
3155439
5820360
1461821
7059610
5251683
5522807
1215334
3869873
6056560
904488
8572649
2270438
5475162
5114201
8337665
1156143
8683927
5060081
7118166
8400356
1283802
8975420
3525975
6874173
6360614
5803622
4230975
4186740
1301999
8505767
1032587
6802344
3502001
8025607
4200585
5059806
1672055
2533635
9047471
1645395
7979490
6748631
1192166
3928493
1798750
4906710
4371179
6108014
113105
7025215
4017252
6645909
2754837
7867110
780309
6089716
8001236
4763464
401045
6974650
6016637
7313578
519778
8183197
2610468
699965
8268539
233654
8380504
6281324
863226
4619911
881929
8900678
202029
743804
5928952
3579513
3662043
4148293
39335
742089
8815876
3131009
9942701
5545448
2964891
432121
7797960
1861650
9221728
393415
6823593
4075540
4612505
2482227
3421286
8301073
1363188
5475455
7806774
4916599
9150344
5493597
8983029
2694572
9939083
1453413
2110117
680355
9406484
3150599
6083750
692799
1883220
4524301
648690
3183067
3869873
1661271
1000168
4908695
8303284
7371645
7661577
6924823
3751054
2332359
6138702
5803704
5809048
7784767
8299925
5348855
2631092
4565768
2359599
5943336
8889094
3337173
2106788
9355601
9597006
7851449
7488352
438720
3873231
603845
3566488
7386746
8408731
9084360
3972537
6119181
7493778
843053
355211
3236190
1474293
7806774
1667165
6694399
1653607
7801241
2006331
2619404
3751414
1411553
263225
3648615
9089370
2114526
5909794
6115813
7336358
9688116
1254169
4777343
769890
6968352
9694467
3420793
1203605
4004140
9883128
9792886
4419244
8133831
2470844
6174827
3625076
3285574
6554929
7643046
769161
24101
8090336
5744207
9449548
5977782
2625922
7578005
2249536
4564245
7780573
4262163
7829788
7658443
4157395
9118725
7246021
5202637
5919820
8088064
9519836
7159887
5267155
780452
602099
4691896
4642467
6118986
6443592
6201655
786773
3301277
7473517
8319843
4915299
5279167
9565890
8868470
2541665
2222216
5710282
2328169
7990503
2685232
9514317
52669
1570036
6839144
9310244
7308548
8763523
4480486
8468820
8095307
9895523
3746283
2206220
9883958
7087115
3367538
8806800
3117410
7551626
9810500
3548646
6855324
4934773
8599972
4350937
3850845
1185627
6231560
26262
5519306
7281644
962492
2180662
7414238
8363174
898371
88266
2538732
5536047
2868151
8161078
3811214
5903830
9580161
7554507
18711
9432837
9675674
475628
2974726
7715885
5033921
4249553
6600134
6993642
385032
3092651
8327910
1025938
8170416
3396511
8722131
2596964
2700152
9157742
6252544
7519096
7519750
3950010
4077897
435250
9237260
6585272
391064
7650670
1863495
9212998
7362120
341229
3816464
3216692
3561671
6785703
323034
512343
8708418
8997813
9300848
7151554
8501894
1512496
5426468
6409900
6726085
401281
4306699
1682226
8487466
3722233
7163297
4679216
5226211
680183
9687359
5917581
9374337
4865871
6411531
3371262
3790962
8422569
1516158
1100610
9248050
1935503
2786133
7024877
3713721
3414329
2267502
955416
6306607
8253083
3388578
6045264
1566866
6170002
306406
1203915
248664
3626287
3488355
3671860
6213064
3627766
1660251
1040132
2157794
1549290
7614143
9883396
1677449
8434396
3572726
686250
5978159
4093701
1319576
4970633
2460706
3182607
9238421
1470298
5716409
6061220
4334424
3961393
8341063
5221707
1575655
4089586
9464456
9474473
2942106
877828
9163496
7485723
8892406
6070228
5538212
6952201
3385867
246164
2558772
8415044
7594833
3965428
7604624
5956258
6107672
3601659
7607926
1671248
2187677
7012641
2860781
1960451
601237
2233915
6141694
3691530
9547199
811261
1056820
6028815
6299985
715318
9643392
9275728
8911406
1286147
9682418
5047044
4159012
9322839
5562240
4968887
760877
3326390
7312344
7780636
9113118
6522616
4769695
9109064
9344074
1336368
8773192
3733158
6332304
6675183
9890170
1329171
4970633
1675237
2754011
2146164
5494466
1202378
2562526
527575
257194
7173676
3895131
9208070
6151941
1948285
9297426
4050261
9568099
1391494
5980170
4893202
1100294
4938606
8505680
8623977
9067275
1149879
2659784
5433220
5069794
5679467
2157327
1560796
7676905
4203584
8239926
3430175
3538182
1866465
5046101
310536
9642832
9539693
9459089
4619585
2878231
4372646
4273978
571237
3324860
4912518
3670462
1819730
5172714
6503301
1389129
5003532
9737656
1129449
