9352487
2285169
3625172
9539981
1093277
3023079
4466849
1930100
6638043
5820205
8720555
7080015
6398069
9016566
5159022
45528
147806
2780943
6395224
6974022
3955504
1164305
1155340
2958299
3439969
9077603
6061253
3983390
3736590
4826141
8112531
8944679
8244751
2052480
5955356
4446691
485805
1463161
318909
8892134
5484968
7543406
5723134
8542204
4996030
8461756
6771616
2050212
7795579
8452994
8230778
6810406
9014019
2032851
351789
9220119
7748627
7567487
398924
8254673
9033829
5479888
646793
1858234
437418
7933283
5381013
9015196
6872128
1238580
3730372
5811249
4146087
3570755
278894
1380205
1492702
3859633
4805204
9186131
6226511
9024917
3731818
8421161
3999241
4576345
122856
64547
7038517
9389386
3692840
580585
3023009
782705
5605117
8791615
6922518
2681242
5784052
1069005
1055080
5990580
7516761
6072382
4707422
7973337
9537195
9113267
6398001
239259
9930984
1174689
3339734
8354349
8763514
7847374
6921073
7862235
7717273
1619244
8665721
6390927
341958
7919124
3565760
5940057
6187013
8772354
4140727
5023786
8058614
9005241
2462739
9840106
7815208
3986828
9330825
4211997
6976226
399721
5654659
1168878
7756054
6835057
3856731
2895675
8346
3095139
4113124
3977094
7440728
7106155
874871
6246772
1930675
8414378
4911788
5317854
9140971
7597384
7635857
7702098
9374681
1905569
3611954
5567496
7588153
3433215
7037734
9606763
7959592
7349007
3336937
4796823
815085
4915909
8481246
9077380
3716754
8638499
8440595
9028517
394760
646841
2377031
3627945
8205825
8158257
8274084
9858109
4553857
6426963
8044050
300359
7382337
8086503
5047637
7728210
7230187
1460771
1413124
7188919
8276616
4154708
3749269
9615316
5760124
5400285
9632667
7750034
1582626
8305044
7935201
2928434
6461177
5559823
5479253
2998123
7213249
8393968
4418201
6571162
8753421
3670354
6551244
2185118
8044791
7408119
1718205
4314877
868884
4143304
6769081
5765147
6347151
5550436
2380030
1023631
5290001
5813580
2457692
7157145
1298510
3120034
9895384
382440
437444
8361078
7123554
3282335
8399034
8491625
3481400
5320348
6669153
2937148
3706072
1108311
300954
4098470
5845387
5533107
6612118
261631
8118000
8941264
1623383
8128477
292819
8243095
592356
3188600
4441483
6194587
4941332
9880643
2135078
3593598
2151423
8297723
9886089
6945082
7914634
4410717
4010794
9784786
8253574
1503223
4219835
8267862
1090218
6066651
5942367
3406518
9064623
8522345
3790903
9771659
8961179
7275377
137334
24189
1028683
6384815
2955387
4185355
9515651
9209291
6268181
3928506
7532698
9686736
4965803
8779126
6176393
872133
5757077
2088361
8567026
5096076
3124113
5238453
9983878
4755725
1708242
3726916
1878857
4406710
2783584
4508305
3947107
1123688
8966970
6848154
3317293
33128
4302196
3895902
9153149
9993130
5317040
9792629
1763144
9900282
3314243
8779183
1031867
9636885
7079423
2865643
7059577
848143
3158500
1915346
9757426
4444231
7847401
7599613
4289918
881368
8783059
7096647
8090825
4609616
5283645
9012599
4030835
605577
4880636
9218722
6486433
3606288
8317420
5434309
8473574
3665188
4929791
4253018
1976046
6891855
264843
1496166
637917
8435010
4420826
6702287
4914737
648345
1658740
6381423
3106001
2307266
1620518
3588891
1298406
6363290
3809880
1018276
2909919
4382952
1558058
4936597
3181531
5845825
1197112
8785934
3861456
4391069
4780817
783011
81082
6570930
6085326
8510900
8834431
4237665
8162990
3334769
4331246
7178477
678546
3875520
5472130
839055
8065623
9971882
8062506
5925297
9235926
2981132
2726368
8594142
989950
1115368
8073627
1933703
4781961
4846785
5473369
6671650
556469
8508114
4209403
9199228
3975824
9385728
7008635
6954738
6048358
1440749
2652780
7900596
1620156
2073176
5669938
6393038
6210805
6953229
8934853
2894690
8960037
1596850
9349901
7740254
9070649
4444067
2162935
2406724
8333484
6897146
1308772
1152841
1561028
6040759
3170768
10000002
3814522
8744072
6801841
9580768
393635
9604669
3465603
88971
9066453
5031260
339952
2375221
4016513
4174155
5528553
4894562
2661764
4239874
7797458
5198625
3099889
1394430
3952568
1851691
5459456
4527777
6085052
7924300
4574511
7635996
204055
1821899
9729812
8213861
5682155
5115166
4552621
3973991
615415
2351682
4060724
1510406
4476669
8278182
593412
6830345
8725844
820885
366111
8005708
6390400
2378750
4369127
7576248
1064539
5296725
2199847
2653939
4137500
8766712
5249407
8991040
6186044
9888751
7897567
3098668
6258119
8774591
4948823
7690186
8121005
4266616
1464226
2542890
5487699
7770296
1302552
831014
341005
2169453
888830
7010151
9002548
9633356
4680031
7242572
7940510
7295899
7520046
2155744
4805850
501183
5276058
758877
3207762
2588555
5714368
8817352
7000731
8319956
1643796
4665407
8722189
4416206
6111224
8630909
6997897
7652811
2744066
6566910
4293877
5065161
3872835
7444362
8304565
6795585
5094447
6939859
9816305
685490
4672638
1756124
107038
8104388
4830903
2024536
6376156
5719102
6741366
6732209
2151482
9493789
6193437
5722510
8592943
8408089
4364783
4777488
7150594
3000013
6103941
3487496
4311291
3391580
3467095
8383815
1092556
8664685
6469959
9771294
2497587
8737421
9096899
6566184
6119574
7674077
6125743
6439937
1043828
9125931
593631
9380938
218872
4378494
5645537
9415323
7939506
3937411
2928993
5719035
9166042
6913993
5495086
8637705
9349995
7792018
117126
6833390
8879390
8555827
7706949
3166089
1720778
3848628
247568
9345155
7888550
6476427
5559388
2705636
2240532
5340945
6971201
8856701
6723140
4446842
1968157
1467422
388953
5766865
6146291
8495679
8753779
8100182
1199096
8249850
2226847
2076449
2419314
1931135
6869439
7544416
5730506
6750603
3339326
295412
1263044
7736564
3354744
9681199
5235254
6940510
2643349
7271826
7733678
4035599
9302042
9560549
6476026
1738512
4987442
5567479
1397129
3867535
8149318
7415697
6638333
7247812
9377835
1891505
7635588
5083891
7048446
6677312
5176772
3518413
6112643
5031723
6538398
8748830
2092440
483866
9597782
1879116
6084976
4358297
8601696
9421463
2522571
8966929
1350754
9487894
4978737
9691054
7840514
8591122
3382503
3913745
3285977
9793235
8209506
1821371
8774622
9390396
1403484
2125129
6576147
583258
9717079
4677653
6235577
1773185
4201220
7664917
3904262
1491710
4171050
3718521
4174411
5609726
7242691
478625
4875672
2817808
4421378
1839348
5529897
582381
8386547
6865623
7746462
4416990
4268726
312875
6214882
7458745
6937832
4297701
5847016
6705028
1307944
6035141
2790618
9175802
2840476
8534640
9233313
2899200
4311137
9490724
2932629
3180666
9054701
4073464
5771418
9400174
4847828
6282192
2519839
1417510
6563765
7642802
4716730
7857782
6086643
1354132
6032033
2020254
5635263
6763429
4986672
1269727
5131464
2226745
4222049
7631130
8078008
1694585
8058251
9607982
4786112
5572079
1658611
3739754
8796593
5286491
2731305
4443710
3334637
2978953
4496941
7359199
2067873
7748783
169147
2260634
434260
9276461
4346991
1855410
716952
9531103
6832542
7031561
3637545
1675686
4631888
6436261
4800431
6048342
9825668
3406518
1912615
9940240
8053058
4149881
4735210
6257098
9023753
7357223
9132645
180148
8714347
9015024
459765
6092926
1936656
9867430
5770034
3698733
6479350
586231
4228123
6757591
7726518
4051011
4986909
7891500
1949350
5957488
1908615
804396
5256785
5201488
1441983
4287437
3754328
252491
5016904
4514681
8452784
9157295
5900501
8301958
8173124
254676
9739949
9928225
7347059
9761253
8959710
8497716
7043272
962534
4961062
5639752
301405
2795257
75969
899753
4150516
4258711
3876742
8833060
1617156
3361969
6776971
5569725
3109593
3303160
5009352
2220840
4015608
7250850
5565268
5536241
6498019
6815632
261819
6237351
2651520
3575708
9336410
707150
2231475
3389866
3306086
4432162
1019603
7851563
6911159
6515895
9707193
6269396
4048972
6206104
5152033
1643133
567105
1763420
7408283
4586160
2498939
2565766
7261695
8408827
3712446
6606427
1195030
7957853
3466319
3459264
1035656
6920835
1369729
1677003
9395365
8948050
2950374
9504645
7478283
5813559
6120542
714345
4100620
9813668
7831609
4878554
8617548
6063576
591363
8969535
7050640
7639461
8329082
7698791
1153393
116178
1233363
8751194
8815791
421780
4759509
4610928
