8736110
6463730
1521957
5007678
7211734
3929747
99582
8600333
241849
7063745
5486077
1589390
8618952
2463652
6890632
4647253
6974071
1424496
9902933
3280407
4323220
1277177
1605046
4217853
5731849
3589559
4197008
7844331
6299284
8063195
7165163
8439551
278824
2114093
2683551
5105274
6345392
7761517
2500865
9018097
2820636
5229487
126863
5139782
6121030
4810188
2820197
9638333
9195438
2417115
2282558
5729762
6648568
5817625
7512121
7565261
91041
2249275
9621340
188424
3266524
2414263
7404236
7202776
8648090
3348999
4636582
1310968
819832
3896005
977864
1612342
6345618
494875
3116466
2368447
1763886
9839122
3115476
5433458
4556133
5669983
2263426
2134718
7105351
1733460
9295811
5955714
9964867
3858785
1861554
8129585
2737332
7501137
8350372
38620
8731179
5073250
4974228
8683584
9351558
7705343
3254842
9698395
1320335
3682556
3848362
393568
5116430
3560915
4502342
6713827
6022859
7862058
7335047
6417350
7171413
1874016
8555283
8766496
9152504
1082113
2566131
2971531
5516435
6473915
3021007
9409571
393596
8258555
2220648
4846943
7823673
6527592
5224717
9996830
5180916
8329969
6433003
9150857
4174208
9816212
1813151
8879205
8393622
4690645
7464075
1757054
8661310
9427914
5755158
5817735
943214
9935054
1012627
7058008
4298875
1010923
1814871
2951135
3876121
3889698
9068673
6900310
2304963
6538313
8082063
6141680
2465736
1905687
207963
8222213
4766394
3840617
1602051
6348414
1877853
2095759
7002840
8765358
569749
7280564
3208995
7815228
6213847
1233049
5959595
7743075
5548595
8742275
7807283
3713528
1605035
5002522
6583066
7304062
7452771
8876607
8698675
5466689
2425248
5806137
9596990
9145356
3329331
1322923
5207893
4351491
6055245
7744631
61545
2109977
3016385
1297605
7059925
2435795
9039176
6882407
702403
7025693
4368717
5876171
7501958
7431345
2441929
4408784
6648246
263781
9086157
9272039
8935920
7396221
8237345
6280404
9912844
5282518
6849760
7809509
5094722
5477991
5332182
2473106
9708102
4330895
3506902
9551905
8629521
2098848
2960039
7006856
5765001
9211814
8114575
7667224
859927
492019
9191088
5385647
2266296
5297928
7219480
2026649
6132359
8311492
5146582
4491996
9855639
7495937
895326
2903151
41299
6195607
4004456
6429064
3363413
7608100
7806893
7081646
2557197
65070
3441246
7782785
9388541
5977668
7047593
814228
8912931
136960
1144956
706757
9721706
2662756
7532408
9397922
4366418
8573990
6424804
8208412
4233713
2658357
6257357
5744854
4938425
3261137
6806637
9883779
405408
3903238
9059125
6431253
8358312
1415834
5232985
7116420
545028
6629846
4901560
7428314
5439221
3568040
2858969
6087105
1764386
4177871
2357593
2364538
5685309
4742811
1766863
9729386
2777835
3304013
8935881
3436019
1971955
3476481
8023064
2326010
1653893
4151780
1464298
5047635
5919391
7728975
4044059
3679594
3109184
2083578
1999744
5519307
6547976
9659589
7873413
8694785
7747944
1597632
5202758
836230
2761042
524355
4678096
7770370
1574688
4533390
9584697
3060191
3960811
9852786
9176030
6908265
2135309
235583
690329
4424989
3233657
6452779
8170275
6740214
8234460
2123800
3379583
8675598
665215
9064032
6804179
3488984
8513742
6277236
6506716
2541599
4983392
8149279
6681443
5935970
7557832
9473009
7895356
7259365
5300195
2126970
3630579
7589111
1892417
3446099
109499
6265352
9175400
1604508
6020203
2317009
9683479
5434508
4369774
9332519
1356418
889450
3684787
7619551
3204463
514183
6896101
4808797
4104321
1899048
9931822
9236143
3115265
7905859
1399887
170147
4773513
1365524
7245972
3393752
8549108
6325292
4673603
1516295
5952580
3086239
5010933
9961263
1052469
3986166
4463741
9397236
2318314
504711
7479726
7363312
9325996
8332249
6444207
7648796
3995843
6712074
4356742
6673523
8436890
8165321
3533441
1518157
1236997
8757733
6592299
1475942
8007979
6811022
5573731
7552885
3542452
5617402
5686630
1884274
6085883
8959512
799886
3949260
7971957
2982749
4068899
9215413
7657759
8496733
7214871
1947713
6574533
1665420
5920326
8113060
2720245
1211692
967073
8838350
8555766
5832414
3890102
3529172
2971323
8636870
9029309
5414457
6623939
3747353
4409463
4757036
3770293
2613610
7143701
1798278
7532494
4259371
2552528
4082051
4831233
1042571
5321174
3236267
6203251
28352
8217361
8067990
5005670
7287794
4911547
7649605
9236994
1974182
6024861
9861409
6477989
7217451
2532782
3942416
3304373
2440653
1672864
2731322
1727378
4405750
8644389
2348277
1886824
2335749
1221513
2998936
7318283
9037826
2291876
6287658
6231445
4796645
785945
7099547
9645907
370644
7366709
2878234
9709869
504633
5586047
2834542
1967710
2798842
7269914
944705
8482460
4176927
7857105
639013
2659033
2419607
3064770
9626393
5562961
3147016
7238979
7492917
5234106
2762440
8970061
1949987
8572445
341922
2196961
4353178
5040705
4015546
7466172
6680320
1574720
2869194
7109942
21669
1136301
7182094
9179206
1611002
5694798
8214482
6951230
12285
5025652
9646834
9057122
1816096
364805
1918589
5328732
4420728
6686237
9719923
5740358
2113444
9928746
5308112
6540982
4023930
9546158
7160206
9345432
2871606
6980879
1232098
3951990
1015749
7499427
1671816
8587307
5572691
2726534
7360166
3842904
5371664
6233130
7871967
9812360
7964518
6621338
4648068
5971798
3897987
1472668
3363238
3327193
5348266
9823973
9553794
5362120
8690660
9104046
2757636
3667731
7513781
831825
2784071
8461732
3417830
7494944
8085011
8913106
8046968
2817776
7256276
2305608
1948665
6780404
4545594
6719953
8451936
4606039
9959562
8580123
2289346
6691323
9499765
9003224
5855234
714883
629452
6099781
4952929
5559169
2324106
9553334
1863424
2552275
4168845
5074696
2503254
8065813
9330028
8153027
94111
6413807
4272064
3873027
8698634
7652435
7498663
7885997
9792683
2235951
9982101
7483423
386065
1930833
1069814
9814182
6156044
9852456
557811
2155582
1641810
3081600
8561197
2870737
5940210
8618289
4124865
5286161
9534416
9855266
9316162
3951307
4490508
6334995
2143468
6326388
1682652
7819421
9657681
4993864
6616685
4788437
4358341
2165373
1776913
213738
6649285
2638330
7408064
9176799
3436300
6122964
7720626
483701
1585175
997326
4608849
6695334
6905777
1560953
9320556
7231401
4883149
3774782
7135555
1747426
9088152
3426244
6625827
622692
1092131
3726103
343721
9217522
7852281
6106841
4244860
5719526
8215274
2148875
5919014
7667222
3614147
7565124
1887
8736831
2885498
2269223
4685565
1260674
5551497
686433
337018
3838374
6607230
7379824
2269638
155306
4997417
608548
4224206
2650446
9006166
8623127
1449889
4634993
2332683
1089172
7300654
9504324
6933366
7924914
3047033
4630715
4635758
1181118
2648364
8929386
4489134
770689
8299993
910932
5773899
4253808
9376725
2008845
3965026
1446345
3636940
2111733
6082935
4685860
4685481
9494165
4475495
1229847
5286230
3533764
263951
4352593
3175343
5883001
6895596
797983
1960141
2629039
6626514
7717286
7216086
4184616
1532282
6765219
8757599
6131589
7341300
1228446
9795557
3171224
9160732
5891160
4605195
3977317
6109888
8461871
6604340
4348831
4218472
1883883
2659465
4022061
9846603
8365962
8702219
9342869
8551797
3041374
1383933
1275639
3260563
1129220
1758286
1121779
4337638
4429230
9213512
3574643
6443785
1135692
4287682
5228777
1229881
9270967
4926069
7539832
9369798
8605108
6252176
2803027
8689373
9751914
7981113
1361365
4905202
9066955
4097210
663890
8948866
8628303
7773267
9817623
487935
4332262
7396372
8588986
8413157
9425477
6938187
5491376
5189670
583298
6444579
5710919
8097664
6988134
4535271
3605086
6120952
126777
8381420
9010423
581961
7235256
2732084
6182357
9090162
2134337
7922659
7645383
4520048
8257734
6360893
7514506
9664837
2365115
5662234
1002210
9927825
7420314
4624072
3571742
3232446
2363785
2217845
6054591
3557965
7099390
6636529
3003424
2072323
3057840
95816
4264391
6455035
1461528
3922789
9055212
4390726
8861209
5362877
9253408
5307408
1441264
689128
9800773
1874647
2081395
505343
4523423
6240608
1326859
3332565
3908388
1770804
3412800
2356282
3297017
6931381
3571124
1913253
5758701
3894944
3798557
1387648
1914989
7708014
8599743
1239146
6597198
1688415
483798
2395914
2355697
2944899
6948012
5103583
1041304
784296
