8948107
21514
6762893
9337668
402935
6574048
4562127
5684056
5816363
2053491
1924190
8493426
5008188
1291969
3122791
2020885
5191935
7199473
7077403
6325546
7234772
9204404
5866264
5057303
5648328
9211394
5105223
6044273
4933887
5435219
3841682
8652293
7819015
4644102
5194541
6498032
6169319
3624702
6970672
1543538
2326046
5622042
164572
7699114
7636101
1015357
5507377
8216205
130354
4048610
7600389
7872457
4381854
1974444
1207088
6398634
5188883
9703095
7855226
5176518
3047306
1288789
3226751
9217166
6631613
1600627
3788967
951096
4209854
2451668
3893363
1134011
2984382
7231757
6520286
8987380
8222535
3628050
9258200
4218973
9882079
348170
7858115
2907997
9868266
6393995
1842242
5938297
232431
6855765
5286008
9944736
2078134
1325286
22745
846336
488753
1704024
649724
7208033
9131774
6516908
905590
3856446
4322508
6615173
9441435
923776
6922560
777044
541850
9456741
4509611
4815311
4793963
3582407
6451523
5130369
7153255
7200993
737834
3969566
2990547
2886299
7616287
4351572
753542
4925905
3794634
7644643
1584909
5726559
1271165
1164192
4692959
5246051
382920
53438
1304954
5628068
4289043
7567321
6632787
2107707
5429722
5716196
9565123
5749058
3169285
4625349
1713128
6303318
7805926
8548253
7855938
6877984
8811526
6814189
6978431
244074
5418320
1838985
783804
5770827
497791
8604253
5491494
1515491
9158562
3877630
8343507
5159753
3311467
7919547
1109095
8766213
7920004
4573861
7133664
2522613
9471389
7242700
211625
6173567
4930480
1420933
4617596
8830643
6356894
2659622
2431026
981605
7284159
4020124
286680
7692584
1380479
7371524
4431293
3972080
6873594
9633397
7197454
6628040
1485143
9643339
1135297
2621445
8845422
6418931
8670031
8355934
1524712
8786339
2251703
9292970
5041030
6934009
8408514
7176720
5239897
2793162
8713777
3107530
5299411
3370383
7067650
2280882
3449479
6015380
9966624
1227721
7716812
6764393
5630385
8495785
5992477
8843462
7282697
6817215
1818266
9908686
9849080
3920905
466649
9904026
6322670
3572074
4839387
3969929
5245887
2887741
3697458
9498021
1449611
6766537
4498535
3921927
3777663
1026545
637887
3836149
9146449
9458961
4703234
7022285
9718144
512018
3021815
484663
4418181
4637844
2972369
701631
2732828
9285597
4681634
4471669
1239707
7431328
5286406
7669245
7256743
3080194
7495805
73303
4176361
4557655
8101727
9749432
9351692
408435
6857334
952160
9587491
2081804
306385
695675
3206707
2080779
5379446
2773508
6523211
8689127
1941589
6834638
3170037
183199
805203
1938143
9387526
5010304
2331032
6161660
1515617
1101561
3001714
6618849
9506608
7946076
1601613
1937069
2073035
7508118
6452837
9640031
8100803
501684
9609973
2029712
3428503
3873758
5805969
2501275
1577939
2811242
5985695
8128667
9795912
5060569
7540033
8892259
2638917
6091862
6587854
9791348
192774
2958703
5988153
8109373
9217669
4685046
3452909
1678662
3986682
541955
1432709
3877922
6868516
1884825
1807290
782277
4627750
8434875
9827995
2735999
7457228
1308502
3399772
6664444
770220
3976423
6966490
421366
2642066
976340
9295088
7478917
1259832
4540422
8981630
8860728
958504
515110
7787730
6196781
3724113
7915118
8459401
2090546
5351035
4359007
7900606
6925129
8657326
7861618
7850770
740711
1529650
3821406
9238570
3278466
7659548
9364818
3115020
310626
8808074
743642
4642257
1056116
9913420
2529082
2292954
9207230
9983046
2846165
5382426
334526
7361066
671474
5620264
2280948
9356698
2351941
2706817
7169729
6285919
7032567
6814497
7117541
8440731
6671373
8772784
8444937
5154709
5195215
191616
9523441
66624
3692985
9871280
2792467
7295644
7173959
9339700
2341829
8505595
695566
5869192
3687687
7470398
7872400
425598
3002724
6811608
3490605
6514506
70892
6412312
7870847
1584109
9426019
5356168
5461987
2030903
1039006
9201064
5051181
8266149
9249750
8985681
7717668
6763623
1921943
9566340
2463492
7672824
7487419
7223123
5526365
9194444
3425016
1895607
7765458
4113730
380979
2914462
2412992
5274989
7437322
8018768
5491638
2131475
1149179
5818475
5063968
2599893
8999336
1841750
8060865
2634970
2238278
4700941
7317868
7723053
7729172
5888728
3515468
4114572
8653550
5627454
3037856
8162797
5718080
9912381
5417702
1829041
7706261
4232010
7181200
252152
1442617
4888776
4216020
345778
4508206
2392247
2524810
9922193
746022
7282622
7369680
9200293
908920
2789904
8174832
6216417
9845067
2622188
8219215
9750404
4291465
6984147
665109
3441585
2473158
5378235
198086
4840990
494766
6158261
6399378
1773310
415960
5648342
7438380
1085219
2246341
5801569
4826560
4480824
5406685
6678559
4882540
1546363
6311425
1805364
8901118
3997292
5557567
7480168
4498779
5028257
2027815
1178418
29149
3666492
4116201
329330
233889
6586145
7403255
4311051
8357048
3523813
8683057
6044871
98108
8372186
7255093
8480365
1244039
8113510
5296598
2556343
6642019
1321152
1941485
1848101
7032458
5615115
7921810
2069852
1109028
3582143
5009012
9137392
6607546
9246470
4845933
6970522
5665468
5534037
402311
4792907
6233200
9669177
9945251
187138
4771988
903767
7724064
2992618
1288581
1937266
5964772
3680518
5327062
7224837
7559643
786352
6686031
3825636
8945473
694395
2077677
7984416
3892116
1714117
8467737
4189623
4758655
3018373
5193629
6002174
295599
2997081
6463789
2374019
7622126
9081567
4062768
8682592
7327224
1672167
9986636
724042
4392975
1596517
420927
9947654
6960483
2415026
6085685
1131587
1080512
2296906
9560759
9907481
6592932
1172546
2029880
6538091
3818219
5409979
1901739
6935851
4010363
8739297
2717376
8759584
1682407
1214919
5774589
4313809
9431771
6777393
6252773
6393604
2097537
6728128
6006468
1494880
2615930
4229088
7243595
3797866
7159982
4051422
9012889
3813616
5752182
7922223
3717543
5983805
1477949
9243765
3202963
7262061
3855238
1543545
1553016
8632627
5779573
6420227
9855096
2871206
4959558
3109823
3937078
9061308
8788642
2705591
8079631
3514641
4326746
119101
7163145
9850505
8111104
3703683
9915631
5299526
9305946
3480949
6131995
2941378
3171421
6922723
8591045
3371643
3139421
5867895
8411986
2611380
8797315
9710576
7412633
6628165
9107542
4004236
8856467
2656254
7528906
2563935
7709237
3351852
9785950
2268478
8071947
9744435
7640427
2628215
491435
5678857
3408231
1017967
1953851
9405264
7049595
8632301
8310228
3819974
2713609
1605583
524
7291014
4287420
5426492
2312376
4558555
9775555
8835196
1540331
1637354
8650502
6687101
720575
7112613
4194470
9535170
2891751
4473781
9013902
7003986
359983
4097037
5087425
4210961
7546479
6233366
3468206
6821359
6675809
9149044
446253
2480626
9545645
4452870
7538504
751354
6935475
9413109
8096865
5393653
2297615
3150720
7321823
9650565
1823124
9284147
2861813
707756
445817
2208117
2734038
6055950
2597508
1992885
50577
3316336
2159465
4381609
4608964
7572334
2503459
4886686
7847405
7768206
2810725
7926152
7878359
5843171
3451574
477737
9068712
5583089
7927027
8836060
4586727
3951490
7795827
7030146
1078435
4610950
631960
3598686
7649082
8114261
853893
8065208
9483219
3800264
6270672
2694909
1453476
7997809
7216163
2631002
2031607
5085250
9103928
8700886
9842565
7966842
4057517
1114658
6736180
1347215
7814214
8482758
3901601
670557
3980316
9300479
735147
7062370
5131776
9186144
9298907
3108736
2036908
675664
9664654
1803262
9860185
828
2508692
9816082
5770250
2616561
8477286
797165
8849415
5192303
5259423
6165686
774603
9803151
2036965
984119
2243017
6861155
1739884
7804733
2192668
3141576
5115661
9623111
9650008
6072876
8954630
2808037
9870966
4732231
9904241
1790959
2328521
3226796
5964447
6127043
1899918
9156355
9774078
951789
5222163
7380137
7825836
342350
1434441
7575104
700876
1818872
8380651
6500350
8456284
7663530
9003650
2291723
5497388
1041247
8205907
7203353
8264287
7121210
3848428
1408838
8348188
2130808
225188
1915394
4944917
8721275
2743103
7440103
3561107
4157590
4873316
1322895
4012849
5423637
2311315
1668841
6400920
4303418
3431412
5824472
4286670
1766211
3776475
1159612
1286678
5219782
1574901
9034484
3857167
1022391
4069099
7887511
5951901
2247393
1244748
1049613
4926698
412365
7595656
809209
1139737
3450964
6674193
