100
1 1
3 4
5 5
15 15
100 100
66 100
10 14
35 78
17 29
1 26
14 41
31 50
97 100
6 14
12 33
70 99
39 98
50 75
23 27
22 26
7 42
25 34
53 98
25 81
56 87
53 77
50 64
9 9
47 75
35 48
61 65
31 73
77 98
35 86
15 18
3 28
41 65
38 69
67 71
26 41
17 60
31 36
41 95
19 37
37 70
26 27
1 82
38 47
41 98
11 56
93 95
74 77
37 44
18 26
88 98
57 75
24 34
71 83
32 57
38 48
3 8
9 63
69 77
54 72
3 42
76 92
10 10
19 51
13 17
14 70
59 93
17 23
2 5
20 58
10 28
10 91
34 84
48 76
12 15
32 38
11 26
60 95
1 1
33 39
57 73
16 34
4 4
48 96
23 65
47 73
6 10
3 27
7 21
50 52
69 94
6 22
10 63
28 37
24 42
5 13
