97
8 1400
9 2391
10 14405
4 7
8 546
5 18
4 19461
10 83188
4 11
5 13
4 13
8 51041
4 1831
7 6139
3 2
9 34
2 3
8 105
6 979
9 2502
4 4
4 14
4 7
2 1
6 2021
9 24280
9 601
6 74
9 2552
10 19346
5 20
9 46274
5 26
7 409
5 41
3 1
9 1409
8 1158
8 605
3 4
5 5
10 100000
7 407
9 2614
8 5313
8 636
6 125
10 16406
3 6
10 2236
7 30632
5 12
10 16991
5 16
4 58744
3 5
4 226
4 8
9 45349
10 8145
4 6
6 33671
6 41221
5 36
3 3
7 595
6 68
2 2
10 12685
1 1
10 28300
9 3891
5 232
9 70455
8 3085
9 4105
7 180
8 859
7 192
10 2275
5 4813
7 332
5 35
7 246
5 50261
10 7215
10 2553
10 16995
8 728
8 724
9 5604
6 119
1 2
9 6609
6 49
5 23
7 293
